3333333333333333333333333333333333333333333333333
3000100000001000000010000000000000000000000000003
3000100000001000000010001111111111111111110002003
3000100000001000000010001000000000000000000000003
3000100000001000000010001000000000000000000000003
3000100010001000100010001000000000000000000000003
3000100010001000100010001000000000000000000000003
3000100010001000100010001111111111111111110000003
3000100010001000100010000000000000000000010002003
3000100010001000100010000000000000000000010000003
3000100010001000100010000000010000000000010000003
3000100010001000100010000000010000000000010000003
3000100010001000100010000000010000002000010000003
3000100010001000100010000000010000000000010000003
3000100010001000100010000000010000000000010002003
3000100010001000100010000000010000000000010000003
3000100010001000100010000000010000000000010000003
3000100010001000100010000000010000000000010004003
3000100010001000100010000000010000002000010000003
3000100010001000100010000000010000000000010000003
3000100010001000100010000000010000000000010002003
3000100010001000100010000000000000000000010000003
3000100010001000100010001111111111111111110000003
3000100010001000100010001000000000000000000000003
3000100010001000100010001000000000000000000000003
3000000010000000100000001000000000000000000000003
3000000010000000100000001111111111111111110002003
3000000010000000100000000000000000000000000000003
3000000010000000100000000000000000000000000000003
3333333333333333333333333333333333333333333333333