3333333333333333333333333333333333333333333333333
3000000000000000000000000000000000000000000000003
3000000000000000000000000000000000000000000000003
3000000000000000000000000000000000000000000000003
3000111111111111111111111111111111111111111111113
3000000000000000000000000000000000000000000000003
3000000000000000000000000000000000000000000000003
3000000000000000000000000000000000000000000000003
3111111111111111111111111111111111111111111110003
3000000000000000000000000000000000000000000000003
3000000000000000000000000000000000000000000000003
3000000000000000000000000000000000000000000000003
3000111111111111111111111111111111111111111111113
3000000000000000000000000000000000000000000000003
3000000000000002000000000000000000000000000000003
3000000000000000000000000000000000000000000000003
3111111111111111111111111111111111111111111110003
3000000000000000000000000000000000000000000000003
3000000000000000000000000000000000000000200000003
3000000000000000000000000000000000000000000000003
3000111111111111111111111111111111111111111111113
3000000000000000000000000000000000000000000000003
3000000000000000020000000000000000000000000000003
3000000000000000000000000000000000000000000000003
3111111111111111111111111111111111111111111110003
3000000000000000000000000000000000000000000000003
3000000000000000000000000000000000000000000000003
3000000000000000000000000000000000000000000000003
3000000000020000000000002000000000000200000000003
3333333333333333333333333333333333333333333333333