00000000000000000000000000000000000000000000000000000000000000000001000000
00000000000000000002000000001111111111111100000001111111111111111111000000
00000022000000000000000000000000000000001000000001000000000000000000000000
00000000000020000000000000000000000000001000000001000000000000000000000000
00000000000000000000020000000000000000001000000001000000000000000000000000
00000000000000000000000000000000000000001000000001000000000000000000000000
00000000000000000000000000000000000000001000000001000000000000000000000000
00000111111111110000000000011111111111111000000001000000000000020000000000
00000000000000010000000000010000000000000000000000000000000000000000000000
00000000000000010000000000010000000000000000000000000000000000000000000000
00000000000000010000000000010000000000000000000000000000000000000000000000
00000000000000010000000000010000000000000000000000000000000000000000000000
00000000000000010000000000010000000000000000000000000000000000000000000000
00000000000000010000000000010000000000000000000000000000000000000000000000
00000000000000011111111111110000000000000000000000000000000000000000000000
00000000000000000000000000000000000000000000000000000000000000000000000000
00000000000000000000000000000000000000000000000000000000000000000000000000
00000000000000000000000000000000000000000000000000000000000000000000000000
00000000000000000000000000000000000000000000000000000000000000000000000000
00000000000000000000000000000000000000000000000000000000000000000000000000
00000000000000000000000000000000000000000000000000000000000000000000000000
00000000000000000000000000000000000000000000000000000000000000000000000000
00000000000000000000000000000000000000000000000000000000000000000000000000
00000000000000000000000000000000000000000000000000000000000000000000000000
00000000000000000000000000000000000000000000000000000000000000000000000000
00000000000000000000000000000000000000000000000000000000000000000000000000
00000000000000000000000000000000000000000000000000000000000000000000000000
00000000000000000000000000000000000000000000000000000000000000000000000000
00000000000000000000000000000000000000000000000000000000000000000000000000
00000000000000000000000000000000000000000000000000000000000000000000000000
00000000000000000000000000000000000000000000000000000000000000000000000000
00000000000000000000000000000000000000000000000000000000000000000000000000
00000000000000000000000000000000000000000000000000000000000000000000000000
00000000000000000000000000000000000000000000000000000000000000000000000000
00000000000000000000000000000000000000000000000000000000000000000000000000