3333333333333333333333333333333333333333333333333
3000000000000000000000000000000000000000000000003
3000000000000000000000000000000000000000000000003
3000011111111111111111111111111110000000000000003
3000000000000000000000000000000010000000000000003
3000000000000000000000000000000010000000000000003
3000000000000000200000000000000010000000000000003
3000011111111111111111111111111110000000000000003
3000000000000000000000000000000010000000000000003
3000000000000000000000000000000010000000200000003
3000000000000000000000000000000010000000000000003
3000011111111111111111111111111110000000000000003
3000000000000000200000000000000010000000000000003
3000000000000000000000000000000010000000000000003
3000000000000000000000000000000010000000000000003
3000011111111111111111111111111110000000200000003
3000000000000000000000000000000010000000000000003
3000000000000000000000000000000010000000000000003
3000000000000000200000000000000010000000000000003
3000011111111111111111111111111110000000000000003
3000000000000000000000000000000010000000000000003
3000000000000000000000000000000010000000200000003
3000000000000000000000000000000010000000000000003
3000011111111111111111111111111110000000000000003
3000000000000000200000000000000010000000000000003
3000000000000000000000000000000010000000000000003
3000000000000000000000000000000010000000000000003
3000011111111111111111111111111110000000000000003
3000000000000000000000000000000000000000000000003
3333333333333333333333333333333333333333333333333