3333333333333333333333333333333333333333333333333
3000000000000000000000000000000000000000000000003
3000000000000000000000000000000000000000000000003
3000000000000000000000000000000000000000000000003
3000011111111111111111111111111111111111111100003
3000010000000000000000000000000000000000000100003
3000010000002000000000000000000000000200000100003
3000010000000000000000000000000000000000000100003
3000010000000000000000000000000000000000000100003
3000011111111111111111000111111111111111111100003
3000000000000000000000000000000000000000000000003
3000000000000000000000000000000000000000000000003
3000011111111111111111111111111111111111111100003
3000012000000000000000000000000000000000000000003
3000010000000000000000000000000000000000000000003
3000011111111111111111111111111111111111111100003
3000000000000000000000000000000000000000000100003
3000000000000000000000000000000000000000002100003
3000011111111111111111111111111111111111111100003
3000000000000000000000000000000000000000000000003
3000000000000000000000000000000000000000000000003
3000011111111111111111000111111111111111111100003
3000010000000000000000000000000000000000002100003
3000010000000000000000000000000000000000000100003
3000012000000000000000000000000000000000000100003
3000011111111111111111111111111111111111111100003
3000000000000000000000000000000000000000000000003
3000000000000000000000000000000000000000000000003
3000000000000000000000000000000000000000000000003
3333333333333333333333333333333333333333333333333