3333333333333333333333333333333333333333333333333
3000000000000000000000000000000000000000000000003
3000000000000000000000000000000000000000000000003
3000011111111111111111111111111111111111100000003
3000010000000000000000000000000000000000100000003
3000010000000000000000000000000000000000100000003
3000011111111111111111100001111111111111100000003
3000010000000000000000100000000000000000000000003
3000010000000000000000100000000000011111111100003
3000010000000000000000100000000000010000000100003
3000010000000000000000100000000000010000000100003
3000010000000000000000100000000000010000000100003
3000010000001000000000100000000000000000000100003
3000000000001000000000020000000000010000000100003
3000000000001000000000000000000000010000000100003
3000000000001000111111111111111111110000000100003
3000000000001000000000020000000000010000000100003
3000000000001000000000000000000000010000000100003
3000000000001000000000000000000000010002000100003
3000001000000000000000100000000000010000000100003
3000001000000000000000100000000000010000000100003
3000001000000000000000100000000000011111111100003
3000001000000000000000100000000000000000000000003
3000001000000000000000100000000000000000000000003
3000001000000000000000100000000000000000000000003
3000001111111111111111111111111111111100000000003
3000000000100000000000000000000000000100000000003
3000000000100000000000200000000000000100000000003
3000000000100000000000000000000000000000000000003
3333333333333333333333333333333333333333333333333