3333333333333333333333333333333333333333333333333
3000000000000000000000000000000000000000000000003
3000000000000000000000000000000000000000000000003
3000000000000000000000000000000000000000000000003
3000111111111111111111111111111111111111111100003
3000000000020000000000010000000000000000000000003
3000000000000000000000010000000000000000000000003
3000000000000000000000010000000000000000000000003
3000000000000000000000010000000000020000000000003
3000111111111111111111111111111111111111111100003
3000000000200000000000010000000000000000000000003
3000000000000000000000010000000000000000000000003
3000000000000000000000010000000000000000000000003
3000000000000000000000010000000000000000000000003
3000111111111111111111111111111111111111111100003
3000000000000000000000010000000000000000000000003
3000000000000000000000010000000000000000000000003
3000000000000000000000010000000000000000000000003
3000000000000020000000010000000000000000000000003
3000111111111111111111111111111111111111111100003
3000000000000000000000010000000000020000000000003
3000000000000000000000010000000000000000000000003
3000000000000000000000010000000000000000000000003
3000000002000000000000010000000000000000000000003
3000111111111111111111111111111111111111111100003
3000000000000000000000000000000000000000000000003
3000000000000000000000000000000000000000000000003
3000000000000000000000000000000000000000000000003
3000000000000000000000000000000000000000000000003
3333333333333333333333333333333333333333333333333