3333333333333333333333333333333333333333333333333
3000000000000000000000000000000000000000000000003
3000000000000000000000000000000000000000000000003
3000011111111111111111111000000000200000000100003
3000000000000010000000001000000000000000000100003
3000000000000010000000001000000000000000000100003
3000000000000010000000001000000000000000000100003
3000010000000010000000001000000000000000000100003
3000010000000010000000001000000000000000000100003
3000010000000010000000001000011111111111111100003
3000010000000010000000001000000000000000000100003
3000010000020000000000001000000000000000000100003
3000010000000000000000001000000000000000000100003
3000010000000000000000001000000000000000000100003
3000010000000000000000001000000000000000000100003
3000011111111111111111111111111111111111111100003
3000010000000000000000001000000000000000000000003
3000010000000000000000001000000000000000000000003
3000010000000000000000001000000000000000000000003
3000010000100000000000001000000000000000000000003
3000010000102000000000001111111111111110000100003
3000010000100000000000001000000000000000000100003
3000010000100000000000001000000000000000000100003
3000010000100000000000001000000002000000000100003
3000010000100000000000001000000000000000000100003
3000010000111111111111111111111111111111111100003
3000000000000000000000000000000000000000000000003
3000000000000000000000000000000000000000000000003
3200000000000000000000000000000000000000000000023
3333333333333333333333333333333333333333333333333