3333333333333333333333333333333333333333333333333
3111111111111111111111111111111111111111111111113
3111111111111111111111111111111111111111111111113
3111111111111111111111111111111111111111111111113
3111111111111111111111111111111111111111111111113
3111111111111111111111111111111111111111111111113
3111111111111111111111111111111111111111111111113
3111111111111111111111111111111111111111111111113
3111111111111111111111111111111111111111111111113
3111111111111111111111111111111111111111111111113
3111111111111111111111111111111111111111111111113
3111111111111111111111111111111111111111111111113
3111111111111111111111111111111111111111111111113
3111111111111111111111111111111111111111111111113
3000000000000000000000000000000000000000000000003
3000000000000000000000000000000000000000000000203
3000000000000000000000000000000000000000000000003
3111111111111111111111111111111111111111111111113
3111111111111111111111111111111111111111111111113
3111111111111111111111111111111111111111111111113
3111111111111111111111111111111111111111111111113
3111111111111111111111111111111111111111111111113
3111111111111111111111111111111111111111111111113
3111111111111111111111111111111111111111111111113
3111111111111111111111111111111111111111111111113
3111111111111111111111111111111111111111111111113
3111111111111111111111111111111111111111111111113
3111111111111111111111111111111111111111111111113
3111111111111111111111111111111111111111111111113
3333333333333333333333333333333333333333333333333