3333333333333333333333333333333333333333333333333
3000000000000000000000000000000000000000000000003
3001111111111111111111111111111111111111111111003
3000000000000100000000000010000000000000000000003
3000000000000100000000000010000000000000000000003
3000000200000100000000000010000000000000000000003
3000000000000100000000000010000000111111111111113
3000000000000100000000000010002000100000000000003
3000000000000100000000000010000000100000000000003
3000000000000100000000000010000000100000000000003
3000001000000111110000000010000000100000000000003
3000001000000000000000000010000000100000000000003
3000001000000000000000000010000000100000000000003
3000001000000000000000000010000000111111000000003
3000001000000000000000000010000000000000000000003
3000000000000000000000000210000000000000000000003
3000000001111110000000000010000000000000000000003
3000000001000000000000000011111111111111110000003
3000000001000000000000000000000000000000000000003
3000000001000000000000000000000000000000000000003
3000000001000000000000000001111111111000000000003
3000000001000000000000000001000000000000000000003
3000000001020000000000000001000000000000000000003
3000000001111111111000000001000000001000000000003
3000000000000000001000000001000000001000000000003
3000000000000000001000000001000020001000000000003
3000000000000000001000000001000000001000000000003
3001111111111111111111111111111111111111111111003
3000000000000000000000000000000000000000002001003
3333333333333333333333333333333333333333333333333
